[[1714    6    5    0    2   22]
 [   0   69   26    0    0    2]
 [   0    0 1451    0    1    4]
 [   0    0    3   29    0    1]
 [   0   10   16    2   48    8]
 [   0    4   24    6    0  655]]
96.54332995414734

[[1817   11   18    3    5    6]
 [   0   70    0    0    4    3]
 [   0    0 1282   10    2   14]
 [   0    0    7   52    0   15]
 [   0    0   20    2   61   10]
 [   0    3   20   11    0  662]]
accuracy: 96.00778818130493

[[1894    0    2    4    7    4]
 [   0   64    5    0    0    4]
 [   0    0 1307   19    0   27]
 [   0    0    1   66    0    0]
 [   0    7   10    0   12   11]
 [   0    4   25   10    0  625]]
accuracy: 96.59201502799988

[[1721   10   37   11   15    8]
 [   0   64    2    0    0    5]
 [   0    0 1502    0    1    8]
 [   0    0    5   62    2    6]
 [   0    0    6    0   42    0]
 [   0   22   21   12    0  546]]
accuracy: 95.83739042282104

[[1848    1    0    3    0   10]
 [   0   34    0    0    0    2]
 [   0    0 1340    0   15   14]
 [   0    0    8   61    1   12]
 [   0    0   26    0   25    8]
 [   0    4   33    0    0  663]]
accuracy: 96.66504263877869