24
kmeans 0.8672219175377921 11.955775516159635 0.29294772602516783 4
em 0.9631618149503025 8.839589233178744 0.1463640172711231 4
dbscan 0.11057838393423744 326.894784932271 0.24752981411121464 19
optics 1.8013386334448247 1.3470490249867617 0.2615413545700233 8
28
kmeans 0.8323925635612734 7.984726696936843 0.2673076686180679 5
em 1.0732935477394858 7.2928535889814805 0.11082353957738054 5
dbscan 0.21176372867089088 103.07242037320403 0.2718094646844346 19
optics 2.035504474345095 1.1326203104587154 0.23943292020257936 6
33
kmeans 0.28208469625532734 86.45150983734901 0.7891310855528971 5
em 0.28208469625532734 86.45150983734901 0.7891310855528971 5
dbscan 0.04888112011327723 1061.819833337318 0.6359297641633224 9
optics 1.8742579366888195 2.989722513636728 0.3058926643045626 10
35
kmeans 0.5862714481318572 10.073916101961686 0.26650182949251644 5
em 0.8305321900580861 6.007945952090618 0.28290386478793916 5
dbscan 0.16379754171197491 195.70384401529088 0.5688317226869031 16
optics 1.616803303284482 1.3319727688721952 0.5080691129118077 11
57
kmeans 0.5036771516626458 40.820939172609215 0.6147991874264896 7
em 0.604602731276055 30.363113007462186 0.6013087555230202 7
dbscan 0.15746509054386718 717.2240727088049 0.7761524349967082 15
optics 1.1456268318476064 7.752652611722175 0.804567570012936 19
58
kmeans 0.9483081361316985 14.583876271348723 0.44254608677792734 7
em 0.8491789634367303 20.136867631716502 0.4446430633096049 7
dbscan 0.06743779771429952 4710.4916667189855 0.871819313741825 24
optics 0.7096559516817743 49.33861718257768 0.864516038463061 25
83
kmeans 0.4916921368383014 48.24849658702406 0.6283314761790815 9
em 0.5380744696845133 60.61513089112149 0.7037609563630711 9
dbscan 0.09483899721289735 628.899490044493 0.7918888614977148 17
optics 0.3563429632920733 42.31386381686219 0.9379569789422966 39
87
kmeans 0.014891632051418045 1737.5989801901146 0.8669028920064145 9
em 0.014891632051418045 1737.5989801901146 0.8669028920064145 9
dbscan 0.009373781400419483 8409.854057968763 0.8705202362764789 10
optics 2.0963333034961718 2.1078923556447973 0.32720975571235567 26
89
kmeans 0.0995198904861868 1735.1993552026374 0.8497639219335293 9
em 0.0995198904861868 1735.1993552026372 0.8497639219335293 9
dbscan 0.06777688425175621 2137.437591284867 0.7632255458199458 11
optics 2.2143781789062347 0.7430806821452551 0.3145953471908306 25
112
kmeans 0.6031499158265771 76.44568693434007 0.5877694892702434 10
em 0.7021750018157963 64.18833237553132 0.5572444078294791 10
dbscan 0.16063655107865632 407.6419899935055 0.5745272661825377 36
optics 1.6664686099848653 2.0616718957255933 0.3965948864035032 32
140
kmeans 1.0437786268834133 51.77514269950554 0.33656977816546146 11
em 0.14919876834588924 5444.952570034464 0.7371886883746036 11
dbscan 0.0428276631463411 2314.5105221020967 0.8606358677303514 10
optics 1.154868697234246 50.32470105384817 0.7386668137403343 47
163
kmeans 0.4338164323956371 156.3455358818118 0.7122915247375906 12
em 0.44523222465977347 141.5807494036718 0.27034292260268467 12
dbscan 0.12635307214770036 430.4745156768964 0.6249751900834579 25
optics 2.380161361964413 0.9188962278282318 0.5333224259290075 53
221
kmeans 1.2770178864309847 36.512443459999275 0.5902175191417817 14
em 0.3959295306200005 521.288146883663 0.591618877738359 14
dbscan 0.10643080179187164 1142.618791444441 0.6348273581366094 22
optics 2.209334537309415 4.003565159943523 0.7032190956770106 48
